00000000000000000000000000010011
00000000000000000000000000001011
00000000000000000000000000001010
00000000000000000000000000010001
00000000000000000000000000010001
00000000000000000000000000010000
00000000000000000000000000010001
00000000000000000000000000001111
00000000000000000000000000001101
00000000000000000000000000001100
00000000000000000000000000010011
00000000000000000000000000010000
00000000000000000000000000010010
00000000000000000000000000010001
00000000000000000000000000010001
00000000000000000000000000001111
00000000000000000000000000010011
00000000000000000000000000010001
00000000000000000000000000001001
00000000000000000000000000010010
00000000000000000000000000001100
00000000000000000000000000010011
00000000000000000000000000001010
00000000000000000000000000001110
00000000000000000000000000001000
00000000000000000000000000010010
00000000000000000000000000001100
00000000000000000000000000001010
00000000000000000000000000001100
00000000000000000000000000001100
00000000000000000000000000001010
00000000000000000000000000010001
00000000000000000000000000001010
00000000000000000000000000010001
00000000000000000000000000010010
00000000000000000000000000001010
00000000000000000000000000001110
00000000000000000000000000010001
00000000000000000000000000010001
00000000000000000000000000010000