00000000000000000010011010100110
00000000000000000111111010000111
00000000000000000100100100011100
00000000000000000000000000000000
00000000000000000101111110010000
00000000000000000100110111001000
00000000000000000010110011010110
00000000000000000000000000000000
00000000000000000000000000000000
00000000000000000100001010001011
00000000000000000011000001011110
00000000000000000011100100001100
00000000000000000011100110110011
00000000000000000000000000101001
00000000000000000000000000000000
00000000000000000100100000100011
00000000000000000000000100100100
00000000000000000001001011011011
00000000000000000100110110110111
00000000000000000000000000000000
00000000000000000001100010111110
00000000000000000110011010111011
00000000000000000000101110110011
00000000000000000110110111110001
00000000000000000000000000000000
00000000000000000110010001000011
00000000000000000000000010011001
00000000000000000100000110111011
00000000000000000000000000000000
00000000000000000001010101000111
00000000000000000000011101001101
00000000000000000000111100111110