00000000000000000011101101100110
00000000000000001000111011110011
00000000000000001001100000010011
00000000000000001011110100100110
10000000000000000100111001100001
00000000000000000101011000011101
00000000000000001010010100000011
00000000000000001011001101110010
00110001001100000110010000011010
00000000000000000101110110110010
00000000000000000001001011000101
00000000000000000011101011100101
11111111111111111111010000001010
01110101110111110100110001111011
11111111111111111101000101100010
00000000000000000001100100010110
00000000000000000000000000000000
00010000000000001001001100111000