00000000000000000101110110110010
00000000000000000011001111101010
00000000000000000010001111001001
00000000000000000000000000000000
00000000000000000000000000000000
00000000000000000110000010111111
00000000000000000100100011001100
00000000000000000000000000000000
00000000000000000000111110111111
00000000000000000010111100010100
00000000000000000110101011010110
00000000000000000010001111001001
00000000000000000000000000000000
00000000000000000000000000000000
00000000000000000011011010001110
00000000000000000000110101100110
00000000000000000000000000000000
00000000000000000111010111101111
00000000000000000000000000000000
00000000000000000010110001001001
00000000000000000011110001100001
00000000000000000010111111111111
01110101110111111001010100010111
00000000000000000000000000000000
00000000000000000011101001100001
00000000000000000010001011001101
00000000000000000111110111010001
00110000001100000011000000110000
00010000000000001111000011101010
00000000000000000100100010011100
00000000000000000001100100010110
00000000000000000110000101110010
00000000000000000110101101110010
00000000000000000011001011100110
00000000000000000100000000011101
00000000000000000111000111110000
00000000000000000000001110000100
00000000000000000111111101001111
00000000000000000100100101001010
00000000000000000000011001110111