00000000000000000000000000000000
00000000000000000000000000000000
00000000000000000000000000000000
00000000000000000000000000000000
00000000000000000000000000000000
00000000000000000000000000000000
00000000000000000000000000000000
00000000000000000000000000000000
00000000000000000000000000000000
00000000000000000000000000000000
00000000000000000000000000000000
00000000000000000000000000000000
00000000000000000000000000000000
00000000000000000000000000000000
00000000000000000000000000000000
00000000000000000000000000000000
00000000000000000000000000000000
00000000000000000000000000000000
00000000000000000000000000000000
00000000000000000000000000000000
00000000000000000000000000000000
00000000000000000000000000000000
00000000000000000000000000000000
00000000000000000100100000100011
00000000000000000110011110000100
00000000000000000000000000000000
00000000000000000001100010111110
00000000000000000000000000000000
00000000000000000100100000100011
00000000000000000000000000000000
00000000000000000001011001001001
00000000000000000000000000101001
00000000000000000000000000000000
00000000000000000000000000000000
00000000000000000100100000100011
00000000000000000000000000000000
00000000000000000010110011010110
00000000000000000000000000000000
00000000000000000001010100111100
00000000000000000000000000000000