00000000000000000101110110110010
00000000000000000011001111101010
00000000000000000010001111001001
00000000000000000100100011001100
00000000000000000101011101010011
00000000000000000110000010111111
00000000000000000101110001100111
00000000000000000011110011010110
00000000000000000000111110111111
00000000000000000010111100010100
00000000000000000110101011010110
00000000000000000000010001111110
00000000000000000100001000101101
00000000000000000101010011011100
00000000000000000011011010001110
00000000000000000000110101100110
00000000000000000111100110000011
00000000000000000111010111101111
00000000000000000100011001010111
00000000000000000010110001001001
00000000000000000011110001100001
00000000000000000010111111111111
00000000000000000110110001101001
00000000000000000010100010001111
00000000000000000011101001100001
00000000000000000010001011001101
00000000000000000111110111010001
00000000000000000010011000011110
00000000000000000101111010011101
00000000000000000100100010011100
00000000000000000001100100010110
00000000000000000110000101110010
00000000000000000110101101110010
00000000000000000011001011100110
00000000000000000100000000011101
00000000000000000111000111110000
00000000000000000000001110000100
00000000000000000111111101001111
00000000000000000100100101001010
00000000000000000000011001110111